損益計算書
想定賃料収入
78.0
78.0
78.0
78.0
78.0
78.0
78.0
78.0
78.0
78.0
78.0
78.0
78.0
78.0
78.0
78.0
78.0
78.0
78.0
78.0
78.0
78.0
78.0
78.0
78.0
78.0
78.0
78.0
78.0
78.0
その他収入
-
-
-
-
-
-
-
-
-
-
-
-
-
-
-
-
-
-
-
-
-
-
-
-
-
-
-
-
-
-
売上合計
78.0
78.0
78.0
78.0
78.0
78.0
78.0
78.0
78.0
78.0
78.0
78.0
78.0
78.0
78.0
78.0
78.0
78.0
78.0
78.0
78.0
78.0
78.0
78.0
78.0
78.0
78.0
78.0
78.0
78.0
管理費用
2.3
2.3
2.3
2.3
2.3
2.3
2.3
2.3
2.3
2.3
2.3
2.3
2.3
2.3
2.3
2.3
2.3
2.3
2.3
2.3
2.3
2.3
2.3
2.3
2.3
2.3
2.3
2.3
2.3
2.3
修繕費・広告費等
2.3
2.3
2.3
2.3
2.3
2.3
2.3
2.3
2.3
2.3
2.3
2.3
2.3
2.3
2.3
2.3
2.3
2.3
2.3
2.3
2.3
2.3
2.3
2.3
2.3
2.3
2.3
2.3
2.3
2.3
ランニング費用
0
0
0
0
0
0
0
0
0
0
0
0
0
0
0
0
0
0
0
0
0
0
0
0
0
0
0
0
0
0
火災・地震保険料
3.0
3.0
3.0
3.0
3.0
3.0
3.0
3.0
3.0
3.0
3.0
3.0
3.0
3.0
3.0
3.0
3.0
3.0
3.0
3.0
3.0
3.0
3.0
3.0
3.0
3.0
3.0
3.0
3.0
3.0
固定資産・都市計画税
1.7
1.7
1.7
1.7
1.7
1.7
1.7
1.7
1.7
1.7
1.7
1.7
1.7
1.7
1.7
1.7
1.7
1.7
1.7
1.7
1.7
1.7
1.7
1.7
1.7
1.7
1.7
1.7
1.7
1.7
購入時諸費用
30.0
0
0
0
0
0
0
0
0
0
0
0
0
0
0
0
0
0
0
0
0
0
0
0
0
0
0
0
0
0
支払金利
4.0
3.7
3.3
2.9
2.5
2.1
1.7
1.3
0.8
0.4
0
0
0
0
0
0
0
0
0
0
0
0
0
0
0
0
0
0
0
0
減価償却費
0
0
0
0
0
0
0
0
0
0
0
0
0
0
0
0
0
0
0
0
0
0
0
0
0
0
0
0
0
0
費用合計
43.4
13.0
12.6
12.2
11.8
11.4
11.0
10.6
10.2
9.8
9.3
9.3
9.3
9.3
9.3
9.3
9.3
9.3
9.3
9.3
9.3
9.3
9.3
9.3
9.3
9.3
9.3
9.3
9.3
9.3
控除・課税前所得
34.6
65.0
65.4
65.8
66.2
66.6
67.0
67.4
67.8
68.2
68.7
68.7
68.7
68.7
68.7
68.7
68.7
68.7
68.7
68.7
68.7
68.7
68.7
68.7
68.7
68.7
68.7
68.7
68.7
68.7
所得控除
-
-
-
-
-
-
-
-
-
-
-
-
-
-
-
-
-
-
-
-
-
-
-
-
-
-
-
-
-
-
課税所得
34.6
65.0
65.4
65.8
66.2
66.6
67.0
67.4
67.8
68.2
68.7
68.7
68.7
68.7
68.7
68.7
68.7
68.7
68.7
68.7
68.7
68.7
68.7
68.7
68.7
68.7
68.7
68.7
68.7
68.7
所得税額
10.4
19.5
19.6
19.7
19.9
20.0
20.1
20.2
20.3
20.5
20.6
20.6
20.6
20.6
20.6
20.6
20.6
20.6
20.6
20.6
20.6
20.6
20.6
20.6
20.6
20.6
20.6
20.6
20.6
20.6
当期純利益
24.2
45.5
45.8
46.0
46.3
46.6
46.9
47.2
47.5
47.8
48.1
48.1
48.1
48.1
48.1
48.1
48.1
48.1
48.1
48.1
48.1
48.1
48.1
48.1
48.1
48.1
48.1
48.1
48.1
48.1
累積純利益
24.2
69.7
115.5
161.6
207.9
254.5
301.4
348.5
396.0
443.8
491.8
539.9
587.9
636.0
684.0
732.1
780.2
828.2
876.3
924.3
972.4
1,020.4
1,068.5
1,116.6
1,164.6
1,212.7
1,260.7
1,308.8
1,356.8
1,404.9
キャッシュフロー計算書
想定家賃収入
78.0
78.0
78.0
78.0
78.0
78.0
78.0
78.0
78.0
78.0
78.0
78.0
78.0
78.0
78.0
78.0
78.0
78.0
78.0
78.0
78.0
78.0
78.0
78.0
78.0
78.0
78.0
78.0
78.0
78.0
その他収入
-
-
-
-
-
-
-
-
-
-
-
-
-
-
-
-
-
-
-
-
-
-
-
-
-
-
-
-
-
-
収入合計
78.0
78.0
78.0
78.0
78.0
78.0
78.0
78.0
78.0
78.0
78.0
78.0
78.0
78.0
78.0
78.0
78.0
78.0
78.0
78.0
78.0
78.0
78.0
78.0
78.0
78.0
78.0
78.0
78.0
78.0
管理費用
2.3
2.3
2.3
2.3
2.3
2.3
2.3
2.3
2.3
2.3
2.3
2.3
2.3
2.3
2.3
2.3
2.3
2.3
2.3
2.3
2.3
2.3
2.3
2.3
2.3
2.3
2.3
2.3
2.3
2.3
修繕費・広告費等
2.3
2.3
2.3
2.3
2.3
2.3
2.3
2.3
2.3
2.3
2.3
2.3
2.3
2.3
2.3
2.3
2.3
2.3
2.3
2.3
2.3
2.3
2.3
2.3
2.3
2.3
2.3
2.3
2.3
2.3
ランニング費用
0
0
0
0
0
0
0
0
0
0
0
0
0
0
0
0
0
0
0
0
0
0
0
0
0
0
0
0
0
0
火災・地震保険料
3.0
3.0
3.0
3.0
3.0
3.0
3.0
3.0
3.0
3.0
3.0
3.0
3.0
3.0
3.0
3.0
3.0
3.0
3.0
3.0
3.0
3.0
3.0
3.0
3.0
3.0
3.0
3.0
3.0
3.0
固定資産・都市計画税
1.7
1.7
1.7
1.7
1.7
1.7
1.7
1.7
1.7
1.7
1.7
1.7
1.7
1.7
1.7
1.7
1.7
1.7
1.7
1.7
1.7
1.7
1.7
1.7
1.7
1.7
1.7
1.7
1.7
1.7
購入時諸費用
30.0
0
0
0
0
0
0
0
0
0
0
0
0
0
0
0
0
0
0
0
0
0
0
0
0
0
0
0
0
0
元本返済
29.2
29.6
30.0
30.4
30.8
31.2
31.6
32.0
32.4
32.8
0
0
0
0
0
0
0
0
0
0
0
0
0
0
0
0
0
0
0
0
支払金利
4.0
3.7
3.3
2.9
2.5
2.1
1.7
1.3
0.8
0.4
0
0
0
0
0
0
0
0
0
0
0
0
0
0
0
0
0
0
0
0
初期リフォーム費用
430.0
0
0
0
0
0
0
0
0
0
0
0
0
0
0
0
0
0
0
0
0
0
0
0
0
0
0
0
0
0
所得税額
10.4
19.5
19.6
19.7
19.9
20.0
20.1
20.2
20.3
20.5
20.6
20.6
20.6
20.6
20.6
20.6
20.6
20.6
20.6
20.6
20.6
20.6
20.6
20.6
20.6
20.6
20.6
20.6
20.6
20.6
支出合計
513.0
62.1
62.2
62.3
62.5
62.6
62.7
62.8
62.9
63.1
29.9
29.9
29.9
29.9
29.9
29.9
29.9
29.9
29.9
29.9
29.9
29.9
29.9
29.9
29.9
29.9
29.9
29.9
29.9
29.9
年間手残りC/F
-435.0
15.9
15.8
15.7
15.5
15.4
15.3
15.2
15.1
14.9
48.1
48.1
48.1
48.1
48.1
48.1
48.1
48.1
48.1
48.1
48.1
48.1
48.1
48.1
48.1
48.1
48.1
48.1
48.1
48.1
累積C/F
-435.0
-419.1
-403.3
-387.7
-372.1
-356.7
-341.4
-326.2
-311.2
-296.2
-248.2
-200.1
-152.1
-104.0
-56.0
-7.9
40.2
88.2
136.3
184.3
232.4
280.4
328.5
376.6
424.6
472.7
520.7
568.8
616.8
664.9
残存借入額
280.8
251.2
221.2
190.8
160.0
128.8
97.2
65.2
32.8
0
0
0
0
0
0
0
0
0
0
0
0
0
0
0
0
0
0
0
0
0
表面利回り
26.0%
26.0%
26.0%
26.0%
26.0%
26.0%
26.0%
26.0%
26.0%
26.0%
26.0%
26.0%
26.0%
26.0%
26.0%
26.0%
26.0%
26.0%
26.0%
26.0%
26.0%
26.0%
26.0%
26.0%
26.0%
26.0%
26.0%
26.0%
26.0%
26.0%
表面利回り 初期費用込み
10.1%
10.1%
10.1%
10.1%
10.1%
10.1%
10.1%
10.1%
10.1%
10.1%
10.1%
10.1%
10.1%
10.1%
10.1%
10.1%
10.1%
10.1%
10.1%
10.1%
10.1%
10.1%
10.1%
10.1%
10.1%
10.1%
10.1%
10.1%
10.1%
10.1%
返済比率
42.6%
42.6%
42.6%
42.6%
42.6%
42.6%
42.6%
42.6%
42.6%
42.6%
0.0%
0.0%
0.0%
0.0%
0.0%
0.0%
0.0%
0.0%
0.0%
0.0%
0.0%
0.0%
0.0%
0.0%
0.0%
0.0%
0.0%
0.0%
0.0%
0.0%